"Subject" "StartTime" "Range" "RealAngle" "Error" "ResponseAngle" "RealTime"
1 100 200 344 -15.8424573 328.157543 628
1 100 200 189 -32.1985905 156.801409 702
1 100 200 230 -31.7273617 198.272638 666
1 100 200 186 -55.3987054 130.601295 694
1 100 200 196 -34.4349488 161.565051 690
1 100 200 280 -53.6677801 226.33222 643
1 100 200 274 -36.9052429 237.094757 662
1 100 200 267 -40.025066 226.974934 783
1 100 200 59 -24.3048465 34.6951535 667
1 100 200 291 -38.102729 252.897271 742
1 100 200 316 -13.2647737 302.735226 734
1 100 200 295 -43.4349488 251.565051 632
1 50 300 107 -30.2405199 76.7594801 839
1 50 300 149 -35.037511 113.962489 848
1 50 300 93 -32.0546041 60.9453959 738
1 50 300 345 -17.4711923 327.528808 698
1 50 300 149 -42.8107937 106.189206 737
1 50 300 59 -48.6951535 10.3048465 734
1 50 300 288 -24.1155036 263.884496 636
1 50 300 358 -20.5205656 337.479434 608
1 50 300 63 -30.9946168 32.0053832 601
1 50 300 230 -37.9052429 192.094757 694
1 100 200 240 -48.6900675 191.309932 694
1 100 200 18 -6.69006753 11.3099325 713
1 100 200 138 -33.9637565 104.036243 774
1 100 200 174 -50.3099325 123.690068 675
1 100 200 108 -41.1985905 66.8014095 655
1 100 200 126 -36 90 760
1 100 200 65 -41.037511 23.962489 676
1 100 200 166 -31 135 638
1 100 200 270 -63.4349488 206.565051 786
1 100 200 155 -35.2551187 119.744881 764
1 100 200 39 -22.3007558 16.6992442 744
1 100 200 262 -67.9637565 194.036243 666
1 100 200 274 -53.3987054 220.601295 776
1 100 200 356 -28.4711923 327.528808 659
1 100 200 60 -45.9637565 14.0362435 793
1 100 200 83 -67.0546041 15.9453959 723
1 100 200 275 -55.1944289 219.805571 778
1 100 200 345 -20.5376778 324.462322 757
1 100 200 348 -14.5650512 333.434949 611
1 175 50 47 -38.8698976 8.13010235 678
1 175 50 259 -63.0546041 195.945396 707
1 175 50 209 -67.6598083 141.340192 710
1 175 50 311 -41 270 685
1 175 50 100 -10 90 707
1 175 50 120 -18.6900675 101.309932 717
1 175 50 206 -26 180 714
1 175 50 73 -39.3099325 33.6900675 677
1 175 50 257 -55.1985905 201.801409 694
1 175 50 65 -44.4439548 20.5560452 686
1 175 50 168 -44.3099325 123.690068 721
1 175 50 322 -36.0546041 285.945396 686
1 175 50 236 -56 180 700
1 175 50 240 -48.6900675 191.309932 681
1 175 50 204 -45.8014095 158.198591 697
1 175 50 155 -58.6598083 96.3401917 692
1 175 50 228 -33.9637565 194.036243 708
1 127 0 312 -26.0546041 285.945396 627
1 127 0 293 -23 270 627
1 127 0 157 -25.3664607 131.633539 627
1 127 0 160 -16.8698976 143.130102 627
1 127 0 333 -33.2551187 299.744881 627
1 127 0 293 -18.2363583 274.763642 627
1 127 0 253 -58.9637565 194.036243 627
1 127 0 66 -30.4623222 35.5376778 627
1 127 0 122 -23.8698976 98.1301024 627
1 127 0 209 -74 135 627
1 127 0 196 -42.5650512 153.434949 627
1 127 0 245 -46.5650512 198.434949 627
1 150 100 326 -32.8014095 293.198591 696
1 150 100 276 -59.1301024 216.869898 682
1 150 100 250 -55.9637565 194.036243 727
1 150 100 184 -49 135 734
1 150 100 251 -56.9637565 194.036243 702
1 150 100 120 -30 90 724
1 150 100 251 -49.1985905 201.801409 730
1 150 100 217 -44.1250163 172.874984 740
1 150 100 110 -38.4349488 71.5650512 677
1 132 0 333 -29.3099325 303.690068 632
1 132 0 349 -34 315 632
1 132 0 106 -16 90 632
1 132 0 176 -26.9637565 149.036243 632
1 132 0 306 -12.8014095 293.198591 632
1 132 0 298 -61.6900675 236.309932 632
1 132 0 221 -41 180 632
1 132 0 150 -30.2551187 119.744881 632
1 132 0 178 -61.4349488 116.565051 632
1 132 0 262 -48.3099325 213.690068 632
1 132 0 272 -37.5376778 234.462322 632
1 50 300 51 -43.8749837 7.12501635 566
1 50 300 312 -66.4439548 245.556045 618
1 50 300 103 -13 90 612
1 50 300 243 -56.6598083 186.340192 696
1 50 300 299 -47.4349488 251.565051 733
1 50 300 277 -28.8014095 248.198591 793
1 50 300 204 -69 135 813
1 50 300 353 -19.5650512 333.434949 809
1 50 300 271 -75.0546041 195.945396 665
1 50 300 237 -42.9637565 194.036243 653
1 175 50 176 -67.5650512 108.434949 725
1 175 50 40 -35.2363583 4.76364169 679
1 175 50 67 -48.5650512 18.4349488 723
1 175 50 144 -20.3099325 123.690068 678
1 175 50 342 -12.9637565 329.036243 678
1 175 50 176 -49.1301024 126.869898 699
1 175 50 137 -31.0546041 105.945396 686
1 175 50 231 -36.9637565 194.036243 701
1 175 50 88 -55.9946168 32.0053832 703
1 175 50 36 -29.6598083 6.34019175 703
1 175 50 120 -15.9637565 104.036243 680
1 175 50 105 -15 90 702
1 50 300 218 -54.6992442 163.300756 831
1 50 300 101 -25.0362435 75.9637565 642
1 50 300 185 -50 135 767
1 50 300 83 -29.8698976 53.1301024 788
1 50 300 57 -35.1985905 21.8014095 738
1 50 300 332 -23.3401917 308.659808 675
1 50 300 277 -58.3401917 218.659808 715
1 50 300 226 -31.9637565 194.036243 551
1 50 300 146 -11 135 665
1 50 300 125 -35 90 717
1 50 300 340 -18.6598083 321.340192 744
1 150 100 192 -38.5650512 153.434949 683
1 150 100 126 -36 90 748
1 150 100 161 -44.4349488 116.565051 731
1 150 100 241 -61 180 708
1 150 100 243 -48.9637565 194.036243 697
1 150 100 335 -20 315 733
1 150 100 345 -3.43494882 341.565051 665
1 150 100 222 -50.1301024 171.869898 714
1 150 100 49 -40.8698976 8.13010235 721
1 207 0 78 -51.4349488 26.5650512 707
1 207 0 180 -45 135 707
1 207 0 302 -32 270 707
1 207 0 167 -46.0362435 120.963757 707
1 207 0 304 -21.9052429 282.094757 707
1 207 0 212 -32 180 707
1 207 0 317 -32.9637565 284.036243 707
1 207 0 149 -23.4623222 125.537678 707
1 207 0 100 -24.0362435 75.9637565 707
1 207 0 179 -44 135 707
1 207 0 234 -39.9637565 194.036243 707
1 179 0 302 -32 270 679
1 179 0 314 -22.1985905 291.801409 679
1 179 0 247 -48.5650512 198.434949 679
1 179 0 307 -29.8749837 277.125016 679
1 179 0 85 -58.4349488 26.5650512 679
1 179 0 243 -44.5650512 198.434949 679
1 179 0 38 -29.8698976 8.13010235 679
1 179 0 112 -22 90 679
1 179 0 151 -27.3099325 123.690068 679
1 179 0 287 -17 270 679
1 179 0 62 -35.4349488 26.5650512 679
1 179 0 264 -47.1301024 216.869898 679
1 150 100 183 -56.1301024 126.869898 676
1 150 100 93 -36.6900675 56.3099325 725
1 150 100 332 -38.8014095 293.198591 692
1 150 100 195 -41.5650512 153.434949 722
1 150 100 26 -22.4236656 3.57633437 734
1 150 100 316 -36.5376778 279.462322 730
1 150 100 83 -26.0238676 56.9761324 721
1 150 100 195 -41.5650512 153.434949 742
1 150 100 314 -39.6012946 274.398705 674
1 150 100 302 -28.6335393 273.366461 729
1 150 100 131 -22.5650512 108.434949 677
1 150 100 151 -27.3099325 123.690068 735
1 150 100 331 -16 315 723
1 150 100 335 -27.1250163 307.874984 708
1 150 100 258 -59.5650512 198.434949 679
1 150 100 126 -36 90 732
1 150 100 226 -46 180 706
1 150 100 276 -65.0362435 210.963757 699
1 150 100 219 -57.4349488 161.565051 750
1 150 100 100 -36.5650512 63.4349488 683
1 175 50 164 -38.4623222 125.537678 721
1 175 50 174 -57.4349488 116.565051 682
1 175 50 358 -19.8014095 338.198591 705
1 175 50 139 -34.9637565 104.036243 699
1 175 50 163 -46.4349488 116.565051 689
1 175 50 260 -56.8014095 203.198591 713
1 175 50 202 -67 135 689
1 175 50 85 -44.3987054 40.6012946 697
1 175 50 101 -44.6900675 56.3099325 682
1 175 50 114 -24 90 709
1 100 200 64 -42.1985905 21.8014095 614
1 100 200 50 -35.9637565 14.0362435 781
1 100 200 236 -37.5650512 198.434949 761
1 100 200 116 -26 90 678
1 100 200 219 -24.9637565 194.036243 643
1 100 200 221 -41 180 651
1 100 200 130 -28.6900675 101.309932 666
1 100 200 51 -41.5376778 9.46232221 726
1 100 200 263 -52.0362435 210.963757 611
1 100 200 298 -54.5650512 243.434949 718
1 100 200 117 -27 90 748
1 50 300 179 -55.3099325 123.690068 702
1 50 300 294 -45.8014095 248.198591 737
1 50 300 92 -55.1301024 36.8698976 609
1 50 300 256 -57.5650512 198.434949 706
1 50 300 187 -33.5650512 153.434949 575
1 50 300 146 -19.1301024 126.869898 834
1 50 300 189 -54 135 613
1 50 300 112 -22 90 771
1 50 300 344 -24.2363583 319.763642 575
1 50 300 111 -21 90 622
1 50 300 291 -14.6598083 276.340192 644
2 175 50 293 -20.5104471 272.489553 694
2 175 50 81 -12.4477363 68.5522637 712
2 175 50 186 -20.0362435 165.963757 691
2 175 50 69 -13.9920202 55.0079798 710
2 175 50 279 -24.2551187 254.744881 690
2 175 50 47 -20.4349488 26.5650512 722
2 175 50 313 -24.5650512 288.434949 690
2 175 50 150 -12.273689 137.726311 712
2 175 50 63 -29.3099325 33.6900675 683
2 175 50 137 -8.34019175 128.659808 684
2 175 50 356 -6.7388971 349.261103 715
2 175 50 150 -6.86989765 143.130102 697
2 189 0 206 -17.8698976 188.130102 689
2 189 0 244 -33.0362435 210.963757 689
2 189 0 135 -21.8014095 113.198591 689
2 189 0 160 -13.6900675 146.309932 689
2 189 0 211 -31 180 689
2 189 0 107 -17 90 689
2 189 0 287 -24.1250163 262.874984 689
2 189 0 314 -35.8698976 278.130102 689
2 189 0 162 -11.0546041 150.945396 689
2 189 0 100 -16.3401917 83.6598083 689
2 189 0 177 -8.30993247 168.690068 689
2 189 0 173 -19.5650512 153.434949 689
2 100 200 213 -24.8698976 188.130102 776
2 100 200 318 -29.4170004 288.583 773
2 100 200 271 -45.3704014 225.629599 690
2 100 200 161 -8.25532837 152.744672 659
2 100 200 20 -16.1859252 3.81407483 778
2 100 200 331 -8.30394828 322.696052 662
2 100 200 105 -8.65980825 96.3401917 687
2 100 200 356 -17.8014095 338.198591 694
2 100 200 265 -14.179008 250.820992 674
2 100 200 204 -20.308614 183.691386 760
2 100 200 335 -8.69006753 326.309932 769
2 100 200 270 -19.9037495 250.09625 615
2 86 0 125 -12.3801351 112.619865 586
2 86 0 258 -11.4985657 246.501434 586
2 86 0 40 -13.4349488 26.5650512 586
2 86 0 334 -18.0289781 315.971022 586
2 86 0 154 -3.35775354 150.642246 586
2 86 0 227 -23.8014095 203.198591 586
2 86 0 136 -13.9946168 122.005383 586
2 86 0 250 -22.9786351 227.021365 586
2 86 0 123 -20.7995313 102.200469 586
2 86 0 268 -30.2756443 237.724356 586
2 86 0 298 -13.9637565 284.036243 586
2 86 0 265 -15.3231368 249.676863 586
2 175 50 215 -23.6900675 191.309932 717
2 175 50 55 -19.4623222 35.5376778 693
2 175 50 286 -11.7636052 274.236395 677
2 175 50 98 -17.782407 80.217593 687
2 175 50 274 -21.102729 252.897271 705
2 175 50 274 -20.5043614 253.495639 713
2 175 50 111 -16.2363583 94.7636417 696
2 175 50 329 -16.726311 312.273689 710
2 175 50 25 -12.7352263 12.2647737 722
2 175 50 288 -14.6335393 273.366461 685
2 175 50 47 -32.5792269 14.4207731 677
2 175 50 186 -27.8014095 158.198591 698
2 50 300 309 -19.820992 289.179008 840
2 50 300 224 -26.897271 197.102729 848
2 50 300 112 -14.8749837 97.1250163 575
2 50 300 270 -11.0035409 258.996459 607
2 50 300 249 -12.6900675 236.309932 558
2 50 300 325 -13.0127875 311.987212 847
2 50 300 198 -6.69006753 191.309932 734
2 50 300 345 -20.5376778 324.462322 587
2 50 300 209 -21.8749837 187.125016 703
2 50 300 30 -24.8055711 5.19442891 598
2 50 300 211 -16.9637565 194.036243 683
2 50 300 36 -16.3461759 19.6538241 778
2 100 200 125 -13.7494945 111.250506 686
2 100 200 56 -29.4349488 26.5650512 649
2 100 200 13 -11.363423 1.63657704 796
2 100 200 135 -23.1985905 111.801409 619
2 100 200 247 -9.00538321 237.994617 662
2 100 200 155 -28.1301024 126.869898 755
2 100 200 219 -19.820992 199.179008 694
2 100 200 321 -31.5599652 289.440035 786
2 100 200 345 -7.75097634 337.249024 676
2 100 200 261 -22.2637317 238.736268 619
2 100 200 312 -22.0168935 289.983107 644
2 50 300 47 -21.7988764 25.2011236 606
2 50 300 160 -20.9143832 139.085617 836
2 50 300 135 -11.3099325 123.690068 664
2 50 300 247 -19.273689 227.726311 753
2 50 300 110 -26.3401917 83.6598083 674
2 50 300 208 -19.8698976 188.130102 757
2 50 300 102 -4.40535663 97.5946434 571
2 50 300 235 -40.9637565 194.036243 849
2 50 300 210 -21.8698976 188.130102 610
2 50 300 161 -10.7448813 150.255119 658
2 50 300 38 -31.990994 6.00900596 572
2 50 300 193 -21.1301024 171.869898 813
2 150 100 81 -27.8698976 53.1301024 690
2 150 100 298 -17.9920202 280.00798 750
2 150 100 169 -14.0168935 154.983107 700
2 150 100 57 -23.3099325 33.6900675 683
2 150 100 86 -16.5560452 69.4439548 684
2 150 100 44 -28.7448813 15.2551187 735
2 150 100 35 -20.0685828 14.9314172 680
2 150 100 283 -16.0127875 266.987212 743
2 150 100 317 -27.1148349 289.885165 748
2 150 100 22 -14.4053566 7.59464337 722
2 150 100 256 -12.5650512 243.434949 734
2 100 200 137 -13.3099325 123.690068 678
2 100 200 282 -4.87498365 277.125016 641
2 100 200 208 -15.1957339 192.804266 638
2 100 200 180 -19.9831065 160.016893 759
2 100 200 95 -17.9946168 77.0053832 630
2 100 200 356 -11.9453959 344.054604 765
2 100 200 276 -17.3099325 258.690068 637
2 100 200 265 -8.49573328 256.504267 717
2 100 200 155 -7.47119229 147.528808 772
2 100 200 217 -27.5376778 189.462322 713
2 50 300 164 -16.4711923 147.528808 803
2 50 300 57 -28.3895403 28.6104597 655
2 50 300 188 -19.3099325 168.690068 585
2 50 300 242 -13.9872125 228.012788 619
2 50 300 347 -0.240519915 346.75948 659
2 50 300 175 -21.5650512 153.434949 663
2 50 300 144 -9 135 789
2 50 300 199 -37.4349488 161.565051 664
2 50 300 204 -24 180 598
2 50 300 40 -25.0685828 14.9314172 735
2 50 300 47 -20.4349488 26.5650512 657
2 221 0 178 -24.5650512 153.434949 721
2 221 0 283 -24.3099325 258.690068 721
2 221 0 137 -17.2551187 119.744881 721
2 221 0 187 -35.6104597 151.38954 721
2 221 0 254 -11.6459754 242.354025 721
2 221 0 242 -3.32869287 238.671307 721
2 221 0 224 -36.8749837 187.125016 721
2 221 0 292 -13.1193408 278.880659 721
2 221 0 74 -23.8055711 50.1944289 721
2 50 300 90 -14.0362435 75.9637565 775
2 50 300 159 -3.77514057 155.224859 631
2 50 300 70 -36.3099325 33.6900675 793
2 50 300 351 -12.8014095 338.198591 785
2 50 300 163 -12.7448813 150.255119 654
2 50 300 52 -30.1985905 21.8014095 689
2 50 300 268 -53.905022 214.094978 556
2 50 300 51 -39.6900675 11.3099325 626
2 50 300 191 -22.3099325 168.690068 806
2 50 300 72 -11.0546041 60.9453959 771
2 159 0 161 -17.8698976 143.130102 659
2 159 0 317 -25.962489 291.037511 659
2 159 0 194 -22.1301024 171.869898 659
2 159 0 251 -21.6012946 229.398705 659
2 159 0 37 -20.6104597 16.3895403 659
2 159 0 121 -12.5650512 108.434949 659
2 159 0 293 -13.217593 279.782407 659
2 159 0 326 -24.3924978 301.607502 659
2 159 0 196 -7.86989765 188.130102 659
2 159 0 202 -22 180 659
2 159 0 73 -22.8055711 50.1944289 659
2 150 100 46 -21.2248594 24.7751406 719
2 150 100 199 -37.4349488 161.565051 656
2 150 100 308 -20.897271 287.102729 733
2 150 100 192 -12 180 709
2 150 100 275 -22.102729 252.897271 698
2 150 100 308 -28.5376778 279.462322 750
2 150 100 59 -11.5104471 47.4895529 680
2 150 100 120 -11.5650512 108.434949 706
2 150 100 123 -21.6900675 101.309932 657
2 150 100 150 -31.3895403 118.61046 739
2 150 100 159 -36.9946168 122.005383 732
2 100 200 167 -15.0724869 151.927513 641
2 100 200 185 -23.4349488 161.565051 774
2 100 200 213 -39.3401917 173.659808 771
2 100 200 164 -10.5650512 153.434949 643
2 100 200 172 -18.5650512 153.434949 787
2 100 200 265 -9.89347296 255.106527 607
2 100 200 123 -18.9637565 104.036243 781
2 100 200 222 -42 180 771
2 100 200 284 -21.1250163 262.874984 759
2 100 200 48 -24.037511 23.962489 702
2 100 200 100 -10 90 799
2 100 200 56 -32.8014095 23.1985905 721
2 175 50 165 -18.6900675 146.309932 701
2 175 50 323 -27.7222778 295.277722 692
2 175 50 343 -24.8201699 318.17983 724
2 175 50 346 -17.3286929 328.671307 697
2 175 50 94 -23.6538241 70.3461759 711
2 175 50 32 -17.0685828 14.9314172 694
2 175 50 251 -44.4349488 206.565051 718
2 175 50 114 -9.96375653 104.036243 709
2 175 50 85 -23.6104597 61.3895403 709
2 175 50 206 -26 180 710
2 175 50 285 -33.4349488 251.565051 699
2 175 50 137 -16.7435628 120.256437 681
2 150 100 162 -36.4623222 125.537678 739
2 150 100 102 -20.7461623 81.2538377 711
2 150 100 351 -9.1890457 341.810954 654
2 150 100 183 -15.5288077 167.471192 676
2 150 100 349 -11.8336542 337.166346 719
2 150 100 44 -28.2913622 15.7086378 679
2 150 100 309 -24.4655449 284.534455 744
2 150 100 312 -19.1663458 292.833654 706
2 150 100 332 -24.5946434 307.405357 667
2 150 100 275 -38.0618495 236.93815 688
2 150 100 327 -41.7448813 285.255119 747
2 150 100 221 -24.3007558 196.699244 685
2 150 100 244 -50.6075022 193.392498 678
2 150 100 320 -25.3764352 294.623565 703
2 150 100 245 -28.1301024 216.869898 710
2 150 100 67 -9.00538321 57.9946168 744
2 150 100 55 -25.2551187 29.7448813 726
2 150 100 181 -25.4439548 155.556045 682
2 150 100 21 -3.89727103 17.102729 659
2 150 100 80 -8.43494882 71.5650512 705
2 150 100 82 -9.10272897 72.897271 671
2 150 100 61 -4.69006753 56.3099325 657
2 150 100 113 -6.30075577 106.699244 690
2 175 50 110 -15.2363583 94.7636417 679
2 175 50 17 -11.2894069 5.71059314 702
2 175 50 126 -23.0053832 102.994617 704
2 175 50 142 -17.0079798 124.99202 702
2 175 50 287 -17 270 706
2 175 50 294 -21.8286882 272.171312 690
2 175 50 27 -19.8749837 7.12501635 718
2 175 50 202 -51.0546041 150.945396 703
2 175 50 295 -13.8869595 281.113041 721
2 175 50 324 -37.3007558 286.699244 721
3 100 200 245 -29.4623222 215.537678 741
3 100 200 341 -7.56505118 333.434949 648
3 100 200 242 -23.3401917 218.659808 695
3 100 200 54 -14.1944289 39.8055711 761
3 100 200 65 -20 45 768
3 100 200 239 -14 225 650
3 100 200 200 -20 180 613
3 100 200 332 -17 315 761
3 100 200 349 -19.9637565 329.036243 651
3 100 200 345 -14.0546041 330.945396 641
3 100 200 269 -20.8014095 248.198591 727
3 150 100 90 -14.0362435 75.9637565 693
3 150 100 147 -19.431408 127.568592 748
3 150 100 194 -37.1985905 156.801409 696
3 150 100 39 -17.7494945 21.2505055 710
3 150 100 314 -7.74616226 306.253838 685
3 150 100 201 -8.47119229 192.528808 701
3 150 100 252 -41.0362435 210.963757 750
3 150 100 135 -20.5560452 114.443955 700
3 150 100 287 -10.4180553 276.581945 681
3 150 100 141 -21.9453959 119.054604 710
3 150 100 352 -22.4655449 329.534455 665
3 150 100 277 -33.5650512 243.434949 673
3 221 0 183 -26.962489 156.037511 721
3 221 0 274 -24.1363034 249.863697 721
3 221 0 201 -9.69006753 191.309932 721
3 221 0 230 -29.4439548 200.556045 721
3 221 0 172 -24.0053832 147.994617 721
3 221 0 246 -39.4349488 206.565051 721
3 221 0 147 -22.9540626 124.045937 721
3 221 0 134 -12.3924978 121.607502 721
3 221 0 322 -13.3401917 308.659808 721
3 221 0 61 -17.8476103 43.1523897 721
3 221 0 329 -30.6992442 298.300756 721
3 221 0 97 -10.8140748 86.1859252 721
3 175 50 235 -42.0053832 192.994617 711
3 175 50 199 -13.8055711 185.194429 718
3 175 50 333 -14.4236656 318.576334 714
3 175 50 58 -31.4349488 26.5650512 712
3 175 50 48 -11.9726266 36.0273734 705
3 175 50 346 -21.1341931 324.865807 720
3 175 50 161 -26 135 708
3 175 50 181 -27.5650512 153.434949 707
3 175 50 358 -23.820992 334.179008 701
3 175 50 247 -26.3987054 220.601295 701
3 175 50 326 -29.4349488 296.565051 676
3 198 0 273 -29.5650512 243.434949 698
3 198 0 174 -34.6012946 139.398705 698
3 198 0 267 -27.9637565 239.036243 698
3 198 0 58 -20.7920781 37.2079219 698
3 198 0 104 -14 90 698
3 198 0 268 -27.0546041 240.945396 698
3 198 0 296 -11.9637565 284.036243 698
3 198 0 95 -5 90 698
3 198 0 277 -13.3401917 263.659808 698
3 198 0 281 -40.7448813 240.255119 698
3 198 0 294 -20.8201699 273.17983 698
3 198 0 336 -29.1301024 306.869898 698
3 50 300 108 -6.69006753 101.309932 779
3 50 300 170 -38.3664607 131.633539 739
3 50 300 196 -44.8107937 151.189206 576
3 50 300 316 -6.44033203 309.559668 623
3 50 300 207 -53.5650512 153.434949 785
3 50 300 84 -15.8014095 68.1985905 726
3 50 300 107 -50.6900675 56.3099325 735
3 50 300 297 -16.1596945 280.840305 553
3 50 300 103 -11.7546357 91.2453643 744
3 50 300 358 -26.7397953 331.260205 585
3 50 300 227 -26.4439548 200.556045 850
3 100 200 346 -19.6900675 326.309932 620
3 100 200 286 -16 270 772
3 100 200 359 -28.0546041 330.945396 720
3 100 200 127 -25.6900675 101.309932 602
3 100 200 120 -14.7448813 105.255119 687
3 100 200 217 -21.7448813 195.255119 733
3 100 200 123 -18.379126 104.620874 766
3 100 200 351 -24.6900675 326.309932 796
3 100 200 279 -30.8014095 248.198591 753
3 100 200 313 -16.4349488 296.565051 744
3 100 200 318 -12.4623222 305.537678 722
3 100 200 215 -20.9637565 194.036243 654
3 150 100 223 -16.4349488 206.565051 704
3 150 100 92 -10.1301024 81.8698976 673
3 150 100 56 -1.53767779 54.4623222 670
3 150 100 93 -3 90 736
3 150 100 266 -24.6104597 241.38954 733
3 150 100 149 -25.3099325 123.690068 677
3 150 100 96 -15.4623222 80.5376778 716
3 150 100 253 -30.4895529 222.510447 736
3 150 100 22 -8.60750225 13.3924978 693
3 150 100 248 -19.9872125 228.012788 737
3 150 100 10 -7.3974378 2.6025622 686
3 150 100 348 -14.5650512 333.434949 708
3 50 300 200 -52.0053832 147.994617 848
3 50 300 244 -26.1250163 217.874984 565
3 50 300 75 -9.14554196 65.854458 594
3 50 300 352 -22.9637565 329.036243 743
3 50 300 309 -57.4349488 251.565051 606
3 50 300 330 -23.1301024 306.869898 626
3 50 300 35 -31.308614 3.69138599 739
3 50 300 117 -20.990994 96.009006 730
3 50 300 99 -18.4623222 80.5376778 748
3 50 300 266 -26.9637565 239.036243 774
3 50 300 280 -10 270 789
3 50 300 126 -12.037511 113.962489 777
3 50 300 163 -39.3099325 123.690068 748
3 50 300 344 -22.1572266 321.842773 831
3 50 300 231 -35.0546041 195.945396 694
3 50 300 81 -23.4711923 57.5288077 727
3 50 300 212 -19.4711923 192.528808 565
3 50 300 157 -22 135 559
3 50 300 41 -19.6293777 21.3706223 827
3 50 300 254 -27.025066 226.974934 553
3 50 300 219 -5.30993247 213.690068 687
3 50 300 178 -15.102729 162.897271 830
3 50 300 284 -25.3099325 258.690068 814
3 50 300 135 -22.9637731 112.036227 803
3 50 300 73 -25.70939 47.29061 582
3 50 300 209 -16.0053832 192.994617 816
3 50 300 208 -19.8698976 188.130102 610
3 50 300 266 -26.9637565 239.036243 714
3 50 300 353 -38 315 790
3 50 300 344 -13.0546041 330.945396 834
3 50 300 249 -24 225 696
3 50 300 306 -21.9637565 284.036243 796
3 50 300 92 -25.962489 66.037511 555
3 50 300 289 -27.7461623 261.253838 721
3 61 0 195 -19.2363948 175.763605 561
3 61 0 349 -19.7354877 329.264512 561
3 61 0 312 -17.3231368 294.676863 561
3 61 0 79 -21.9052429 57.0947571 561
3 61 0 209 -17.3407073 191.659293 561
3 61 0 69 -12.6900675 56.3099325 561
3 61 0 53 -20.0947571 32.9052429 561
3 61 0 262 -28.8698976 233.130102 561
3 61 0 357 -16.9831065 340.016893 561
3 61 0 288 -9.86989765 278.130102 561
3 61 0 172 -21.7448813 150.255119 561
3 100 200 197 -32.9453959 164.054604 786
3 100 200 46 -20.8552144 25.1447856 693
3 100 200 292 -25.5763344 266.423666 632
3 100 200 208 -30.4895529 177.510447 785
3 100 200 64 -22.8140748 41.1859252 753
3 100 200 124 -16.4744316 107.525568 679
3 100 200 272 -39.8749837 232.125016 633
3 100 200 172 -15.1985905 156.801409 800
3 100 200 221 -28.4711923 192.528808 710
3 100 200 81 -14.1985905 66.8014095 607
3 150 100 108 -9.86989765 98.1301024 733
3 150 100 151 -28.9946168 122.005383 682
3 150 100 216 -15.4439548 200.556045 746
3 150 100 339 -15.8698976 323.130102 729
3 150 100 279 -2.65980825 276.340192 746
3 150 100 167 -23.1932073 143.806793 719
3 150 100 224 -22.962489 201.037511 718
3 150 100 356 -15.6538241 340.346176 705
3 150 100 266 -30.9920202 235.00798 691
3 150 100 292 -5.61045967 286.38954 743
3 150 100 187 -16.4623222 170.537678 666
3 150 100 227 -21.4400348 205.559965 663
3 150 100 227 -23.8014095 203.198591 706
3 150 100 255 -14.7448813 240.255119 651
3 150 100 304 -48.0362435 255.963757 739
3 150 100 102 -7.23635831 94.7636417 691
3 150 100 35 -16.5650512 18.4349488 717
3 150 100 43 -12.0362435 30.9637565 736
3 150 100 325 -12.2025982 312.797402 733
3 150 100 131 -22.5650512 108.434949 666
3 150 100 73 -24.1859252 48.8140748 734
3 175 50 158 -21.2642954 136.735705 712
3 175 50 287 -15.025066 271.974934 702
3 175 50 256 -25.8055711 230.194429 724
3 175 50 304 -18.0546041 285.945396 689
3 175 50 161 -31.1944289 129.805571 718
3 175 50 334 -15.9872125 318.012788 688
3 175 50 34 -11.3801351 22.6198649 714
3 175 50 193 -20.5946434 172.405357 688
3 175 50 79 -21.4711923 57.5288077 678
3 175 50 172 -32.6012946 139.398705 694
3 175 50 39 -16.3801351 22.6198649 721
3 175 50 183 -35.7352263 147.264774 706
3 175 50 61 -16 45 709
3 175 50 277 -27.5560452 249.443955 714
3 175 50 132 -26.0546041 105.945396 714
3 175 50 290 -9.69515353 280.304846 678
3 175 50 264 -30.8698976 233.130102 687
3 175 50 279 -35.5650512 243.434949 712
3 175 50 343 -28 315 695
3 175 50 295 -25 270 678
3 175 50 186 -35.7448813 150.255119 690
3 175 50 206 -26 180 715
3 175 50 255 -34.0856168 220.914383 714
3 175 50 157 -25.8140748 131.185925 700
3 100 200 22 -5.61045967 16.3895403 675
3 100 200 299 -10.5650512 288.434949 776
3 100 200 74 -12.6104597 61.3895403 670
3 100 200 117 -15.6900675 101.309932 710
3 100 200 141 -27.8014095 113.198591 673
3 100 200 44 -17.4349488 26.5650512 687
3 100 200 235 -18.1301024 216.869898 694
3 100 200 160 -26.4688007 133.531199 634
3 100 200 31 -19.6900675 11.3099325 717
3 100 200 352 -17.2011236 334.798876 764
3 100 200 138 -23.2248594 114.775141 743
3 146 0 195 -36.8014095 158.198591 646
3 146 0 357 -16.7988764 340.201124 646
3 146 0 348 -11.6293777 336.370622 646
3 146 0 233 -22.0362435 210.963757 646
3 146 0 23 -7.7448813 15.2551187 646
3 146 0 323 -24.3895403 298.61046 646
3 146 0 141 -34.7397953 106.260205 646
3 146 0 213 -21.6900675 191.309932 646
3 146 0 36 -14.962489 21.037511 646
3 146 0 218 -8.2551187 209.744881 646
3 146 0 241 -21.1944289 219.805571 646
3 175 50 241 -22.3401917 218.659808 699
3 175 50 64 -17.5311993 46.4688007 679
3 175 50 341 -15.9920202 325.00798 694
3 175 50 160 -25 135 710
3 175 50 78 -33 45 705
3 175 50 159 -32.1301024 126.869898 721
3 175 50 100 -18.1301024 81.8698976 717
3 175 50 325 -15.7105931 309.289407 719
3 175 50 40 -26.7594801 13.2405199 693
4 150 100 342 -27 315 695
4 150 100 326 -19.1301024 306.869898 709
4 150 100 253 -44.3895403 208.61046 675
4 150 100 223 -43 180 662
4 150 100 267 -43.636577 223.363423 683
4 150 100 238 -72.7435628 165.256437 695
4 150 100 186 -33.897271 152.102729 744
4 150 100 178 -40.5104471 137.489553 737
4 150 100 31 -26.7108467 4.28915333 736
4 50 300 251 -39.5704344 211.429566 593
4 50 300 243 -33.9453959 209.054604 763
4 50 300 214 -49.2551187 164.744881 608
4 50 300 262 -49.2647737 212.735226 778
4 50 300 190 -51.6335393 138.366461 673
4 50 300 46 -41.7108467 4.28915333 676
4 50 300 211 -61.9637565 149.036243 690
4 50 300 309 -39 270 703
4 50 300 166 -38.431408 127.568592 676
4 50 300 94 -45.1859252 48.8140748 822
4 175 50 326 -26.0684882 299.931512 678
4 175 50 275 -41.8698976 233.130102 712
4 175 50 186 -37.6075022 148.392498 682
4 175 50 252 -53.5650512 198.434949 707
4 175 50 278 -53.9710219 224.028978 715
4 175 50 259 -37.3664607 221.633539 713
4 175 50 112 -16.4724598 95.5275402 725
4 175 50 102 -42.9637565 59.0362435 686
4 175 50 323 -28.5560452 294.443955 725
4 175 50 175 -45.7105931 129.289407 718
4 175 50 241 -48.4711923 192.528808 684
4 175 50 220 -48.1301024 171.869898 676
4 50 300 124 -27.6598083 96.3401917 781
4 50 300 222 -50.9726266 171.027373 763
4 50 300 144 -30.037511 113.962489 602
4 50 300 260 -55.2248594 204.775141 769
4 50 300 297 -44.2414594 252.758541 616
4 50 300 293 -59.8698976 233.130102 780
4 50 300 111 -21 90 800
4 50 300 229 -44.2363583 184.763642 721
4 50 300 222 -53.888658 168.111342 620
4 50 300 139 -30.5650512 108.434949 624
4 50 300 173 -43.1944289 129.805571 664
4 175 50 334 -34.524111 299.475889 722
4 175 50 356 -33.568592 322.431408 695
4 175 50 271 -53.1250163 217.874984 677
4 175 50 305 -35 270 690
4 175 50 84 -44.9061411 39.0938589 706
4 175 50 335 -26.5819447 308.418055 705
4 175 50 307 -43.1701751 263.829825 687
4 175 50 170 -37.2025982 132.797402 710
4 175 50 54 -18.4623222 35.5376778 699
4 175 50 252 -61.0459374 190.954063 687
4 85 0 302 -59.7585406 242.241459 585
4 85 0 77 -43.3099325 33.6900675 585
4 85 0 96 -31.0168935 64.9831065 585
4 85 0 188 -44.8698976 143.130102 585
4 85 0 164 -29 135 585
4 85 0 280 -47.3039483 232.696052 585
4 85 0 198 -40.3801351 157.619865 585
4 85 0 143 -35.3498758 107.650124 585
4 85 0 210 -38.7461623 171.253838 585
4 85 0 344 -21.9987324 322.001268 585
4 85 0 80 -43.9726266 36.0273734 585
4 50 300 298 -45.3540246 252.645975 556
4 50 300 114 -29.1944289 84.8055711 706
4 50 300 108 -30.5288077 77.4711923 627
4 50 300 74 -29 45 571
4 50 300 289 -55.2538377 233.746162 700
4 50 300 279 -43.2157021 235.784298 610
4 50 300 73 -41.7362683 31.2637317 756
4 50 300 120 -25.6012946 94.3987054 697
4 50 300 317 -45.7546357 271.245364 583
4 100 200 291 -61.6012946 229.398705 605
4 100 200 314 -23.2277453 290.772255 633
4 100 200 285 -50.5376778 234.462322 626
4 100 200 311 -53.3390873 257.660913 673
4 100 200 270 -34.9920202 235.00798 611
4 100 200 163 -43.9453959 119.054604 764
4 100 200 307 -41.0856168 265.914383 796
4 100 200 246 -37.2602047 208.739795 695
4 100 200 287 -51.3803447 235.619655 602
4 100 200 304 -61.4075754 242.592425 796
4 100 200 212 -49.102729 162.897271 686
4 100 200 71 -47.8014095 23.1985905 727
4 100 200 295 -64.8055711 230.194429 735
4 100 200 350 -40.5275402 309.47246 720
4 100 200 60 -36.3706223 23.6293777 737
4 100 200 49 -22.4349488 26.5650512 625
4 100 200 278 -53 225 777
4 100 200 322 -43.0273734 278.972627 768
4 100 200 132 -20.1985905 111.801409 760
4 100 200 321 -16.750967 304.249033 621
4 100 200 87 -38.1859252 48.8140748 631
4 205 0 319 -38.0459374 280.954063 705
4 205 0 279 -57.1798301 221.82017 705
4 205 0 155 -27.431408 127.568592 705
4 205 0 331 -36.8977655 294.102235 705
4 205 0 233 -55.29061 177.70939 705
4 205 0 125 -15.0168935 109.983107 705
4 205 0 295 -71.4320962 223.567904 705
4 205 0 149 -32.4349488 116.565051 705
4 205 0 132 -18.037511 113.962489 705
4 150 100 340 -26.636577 313.363423 680
4 150 100 102 -48.8698976 53.1301024 674
4 150 100 224 -44 180 663
4 150 100 132 -12.2551187 119.744881 735
4 150 100 76 -31 45 730
4 150 100 356 -21.820992 334.179008 701
4 150 100 123 -18.9637565 104.036243 693
4 150 100 48 -17.7435628 30.2564372 688
4 150 100 133 -11.3924978 121.607502 695
4 150 100 95 -23.4349488 71.5650512 711
4 150 100 128 -21.3007558 106.699244 660
4 150 100 298 -58.650668 239.349332 691
4 150 100 86 -45.7636417 40.2363583 733
4 150 100 134 -22.1985905 111.801409 711
4 150 100 235 -65.3048465 169.695154 679
4 150 100 129 -27.6900675 101.309932 667
4 150 100 190 -43.6900675 146.309932 707
4 150 100 230 -71.8014095 158.198591 684
4 150 100 295 -58.6900675 236.309932 709
4 150 100 256 -31 225 661
4 150 100 74 -37.1301024 36.8698976 674
4 150 100 242 -35.4349488 206.565051 716
4 100 200 116 -14.6900675 101.309932 607
4 100 200 234 -54 180 759
4 100 200 340 -21.1859252 318.814075 709
4 100 200 148 -23.3048465 124.695154 763
4 100 200 345 -31.397181 313.602819 750
4 100 200 326 -40.2913622 285.708638 623
4 100 200 85 -54.7435628 30.2564372 796
4 100 200 282 -57 225 648
4 100 200 290 -60.2363583 229.763642 737
4 150 100 332 -28.3099325 303.690068 670
4 150 100 65 -32.9946168 32.0053832 698
4 150 100 162 -29.726311 132.273689 694
4 150 100 250 -52.897271 197.102729 672
4 150 100 155 -36.6992442 118.300756 717
4 150 100 304 -59.3461759 244.653824 707
4 150 100 252 -45.4349488 206.565051 712
4 150 100 143 -24.6992442 118.300756 690
4 150 100 67 -45.1985905 21.8014095 687
4 175 50 256 -56.0168935 199.983107 719
4 175 50 140 -26.8014095 113.198591 708
4 175 50 161 -34.1301024 126.869898 681
4 175 50 75 -49.4400348 25.5599652 722
4 175 50 126 -20.0546041 105.945396 713
4 175 50 193 -49.8698976 143.130102 710
4 175 50 294 -62.6598083 231.340192 682
4 175 50 354 -39 315 701
4 175 50 82 -41.3987054 40.6012946 718
4 175 50 112 -36.0362435 75.9637565 713
4 235 0 201 -36.2551187 164.744881 735
4 235 0 343 -31.6522228 311.347777 735
4 235 0 141 -24.4349488 116.565051 735
4 235 0 311 -50.4623222 260.537678 735
4 235 0 252 -72 180 735
4 235 0 172 -31.8055711 140.194429 735
4 235 0 189 -54 135 735
4 235 0 185 -50 135 735
4 235 0 203 -38.9453959 164.054604 735
4 235 0 314 -36.0565282 277.943472 735
4 235 0 100 -42.3806777 57.6193223 735
4 50 300 342 -33.3401917 308.659808 830
4 50 300 186 -38.0053832 147.994617 701
4 50 300 328 -20.6960517 307.303948 576
4 50 300 228 -48 180 778
4 50 300 354 -24.650668 329.349332 783
4 50 300 305 -48.4957333 256.504267 746
4 50 300 310 -51.7682889 258.231711 797
4 50 300 52 -26.7222778 25.2777222 573
4 50 300 134 -23.4439548 110.556045 743
4 50 300 274 -42.6598083 231.340192 811
4 100 200 205 -46.8014095 158.198591 765
4 100 200 56 -33.1663458 22.8336542 661
4 100 200 119 -55.5650512 63.4349488 775
4 100 200 332 -27.6196553 304.380345 639
4 100 200 310 -63.1985905 246.801409 786
4 100 200 60 -17.4895529 42.5104471 723
4 100 200 159 -32.9726266 126.027373 687
4 100 200 170 -44.4623222 125.537678 683
4 100 200 206 -49.1985905 156.801409 755
4 100 200 305 -52.3540246 252.645975 700
4 129 0 338 -21.8766973 316.123303 629
4 129 0 193 -48.7538873 144.246113 629
4 129 0 153 -29.3099325 123.690068 629
4 129 0 203 -44.037511 158.962489 629
4 129 0 66 -37.3895403 28.6104597 629
4 129 0 292 -54.1522951 237.847705 629
4 129 0 118 -29.1457628 88.8542372 629
4 129 0 333 -21.9182489 311.081751 629
4 129 0 57 -22.491477 34.508523 629
4 129 0 286 -45.2488263 240.751174 629
4 129 0 107 -19.726311 87.273689 629
4 129 0 226 -31.0685828 194.931417 629
4 175 50 111 -35.0362435 75.9637565 720
4 175 50 347 -22.837653 324.162347 681
4 175 50 273 -37.6951535 235.304846 705
4 175 50 169 -24.5376778 144.462322 710
4 175 50 103 -31.4349488 71.5650512 690
4 175 50 135 -29.0546041 105.945396 713
4 175 50 339 -20.8201699 318.17983 677
4 175 50 196 -59.2642954 136.735705 697
4 175 50 346 -29.2642954 316.735705 705
4 175 50 151 -24.1301024 126.869898 716
4 175 50 215 -61.5650512 153.434949 695
5 150 100 117 -21.1932731 95.8067269 662
5 150 100 236 -15.3987054 220.601295 748
5 150 100 217 -18.5650512 198.434949 700
5 150 100 151 -30.0362435 120.963757 705
5 150 100 66 -23.1210964 42.8789036 749
5 150 100 294 -20.4236656 273.576334 663
5 150 100 301 -16.9637565 284.036243 676
5 150 100 272 -8.34019175 263.659808 666
5 150 100 38 -25.9052429 12.0947571 744
5 150 100 30 -19.3803447 10.6196553 711
5 150 100 252 -27 225 700
5 150 100 263 -26.6900675 236.309932 712
5 175 50 224 -22.1985905 201.801409 698
5 175 50 199 -19 180 688
5 175 50 46 -23.8336542 22.1663458 692
5 175 50 71 -28.1210964 42.8789036 690
5 175 50 27 -23.268603 3.731397 683
5 175 50 272 -16.0362435 255.963757 700
5 50 300 147 -30.4349488 116.565051 792
5 50 300 130 -25.9637565 104.036243 651
5 50 300 71 -21.6012946 49.3987054 778
5 50 300 33 -17.475889 15.524111 621
5 50 300 113 -23 90 845
5 175 50 83 -38 45 719
5 175 50 60 -28.6713071 31.3286929 720
5 175 50 64 -24.7105931 39.2894069 703
5 175 50 137 -25.1985905 111.801409 682
5 175 50 244 -30.3099325 213.690068 677
5 175 50 316 -22.037511 293.962489 690
5 50 300 247 -25.0127875 221.987212 831
5 50 300 80 -36.3322199 43.6677801 708
5 50 300 171 -23.4711923 147.528808 846
5 50 300 187 -30.962489 156.037511 712
5 50 300 260 -21.6075022 238.392498 613
5 50 300 231 -21.2551187 209.744881 557
5 50 300 56 -35.4439548 20.5560452 632
5 50 300 230 -34.7448813 195.255119 642
5 50 300 60 -37.6937949 22.3062051 737
5 50 300 234 -12.8140748 221.185925 562
5 50 300 296 -18.8749837 277.125016 638
5 50 300 99 -15.3401917 83.6598083 813
5 100 200 232 -37.0685828 194.931417 681
5 100 200 24 -20.9059419 3.09405806 709
5 100 200 86 -30.9920202 55.0079798 795
5 100 200 264 -22.6104597 241.38954 789
5 100 200 344 -11.2553284 332.744672 620
5 100 200 75 -40.1755108 34.8244892 624
5 100 200 131 -35.8055711 95.1944289 718
5 100 200 171 -11.5560452 159.443955 702
5 100 200 299 -23.2894069 275.710593 773
5 100 200 75 -30 45 786
5 150 100 109 -19 90 668
5 150 100 359 -10.9761324 348.023868 654
5 150 100 293 -23 270 690
5 150 100 79 -21.4711923 57.5288077 664
5 150 100 41 -19.1985905 21.8014095 670
5 150 100 23 -20.8789036 2.1210964 664
5 175 50 220 -40 180 708
5 175 50 84 -4.0079798 79.9920202 712
5 175 50 201 -21 180 724
5 175 50 346 -12.5650512 333.434949 713
5 175 50 128 -30.8749837 97.1250163 683
5 100 200 353 -19.5650512 333.434949 665
5 100 200 301 -26.2363583 274.763642 785
5 100 200 221 -31.5376778 189.462322 683
5 100 200 347 -37.4773687 309.522631 695
5 100 200 177 -23.5650512 153.434949 796
5 100 200 345 -29.2559408 315.744059 692
5 50 300 86 -25.0546041 60.9453959 643
5 50 300 267 -17.0952312 249.904769 842
5 50 300 63 -24.7098368 38.2901632 806
5 50 300 67 -36.5344551 30.4655449 759
5 50 300 100 -16.3401917 83.6598083 850
5 50 300 294 -22.4088597 271.59114 674
5 245 0 169 -32.025066 136.974934 745
5 245 0 242 -37.5560452 204.443955 745
5 245 0 270 -33.6900675 236.309932 745
5 245 0 189 -27.4349488 161.565051 745
5 245 0 354 -12.4349488 341.565051 745
5 245 0 240 -30.2551187 209.744881 745
5 100 200 168 -56.962489 111.037511 668
5 100 200 71 -40.4207731 30.5792269 663
5 100 200 106 -46.0685828 59.9314172 721
5 100 200 117 -22.9143832 94.0856168 617
5 100 200 239 -28.7435628 210.256437 641
5 212 0 164 -24.6012946 139.398705 712
5 212 0 101 -11 90 712
5 212 0 213 -28.6012946 184.398705 712
5 212 0 149 -38.4439548 110.556045 712
5 212 0 100 -16.3401917 83.6598083 712
5 212 0 178 -21.962489 156.037511 712
5 67 0 268 -17.9831065 250.016893 567
5 67 0 351 -20.3577535 330.642246 567
5 67 0 320 -21.6992442 298.300756 567
5 67 0 273 -11.1301024 261.869898 567
5 67 0 349 -17.3007558 331.699244 567
5 175 50 159 -30.3401917 128.659808 684
5 175 50 229 -17.3924978 211.607502 698
5 175 50 223 -19.037511 203.962489 678
5 175 50 124 -34 90 706
5 175 50 203 -23 180 696
5 175 50 337 -32.6196553 304.380345 697
5 150 100 290 -13.990994 276.009006 696
5 150 100 156 -47.5650512 108.434949 709
5 150 100 221 -26.9637565 194.036243 662
5 150 100 317 -12.4077113 304.592289 662
5 150 100 251 -31.1944289 219.805571 738
5 150 100 325 -22.5288077 302.471192 742
5 75 0 72 -24.8789036 47.1210964 575
5 75 0 332 -25.9726266 306.027373 575
5 75 0 326 -16.0131138 309.986886 575
5 75 0 76 -22.1193408 53.8806592 575
5 75 0 359 -16.6501242 342.349876 575
5 75 0 46 -29.8107937 16.1892063 575
